,flag_width,flag_height,pole_width,pole_height,slope,conf-x,conf-y,return_0.25,return_0.5,return_0.75,return_1.0,return_1.5,return_2,return_5
0,12.0,0.136966952446111,28.0,0.25029695218726467,0.011782815205883566,94.0,-2.245231701568079,0.06782805425571681,0.08552655040166668,0.0944946653006764,0.02489588798451514,0.016528202101854905,0.06782805425571681,-0.21325367820656194
1,10.0,0.07291493224701107,23.0,0.2603886166511392,0.007463106149102086,325.0,-1.0137740201779581,0.002395038381016956,0.04401691293189258,0.146603063518558,0.07447416400847895,0.021764862923014938,0.05912954386504765,-0.06931273490512602
2,10.0,0.1513760000433224,40.0,0.3376586252488628,0.010841109384131563,342.0,-1.0653187431360382,0.015227699096511227,-0.0025155429472463187,0.022929441050398847,0.05700958386825672,-0.022418320519155488,-0.032221684955718866,-0.28893994395527467
3,10.0,0.2953916524780096,42.0,0.671236617165534,0.028831465932135703,447.0,-1.0185699294525572,0.009661210612804894,-0.023755374707932875,-0.046956745342104256,-0.07410864417972507,-0.10704285084418286,-0.09618315621981643,-0.12629353228908535
4,10.0,0.05058486426028519,20.0,0.20024107484663267,0.005121922019325914,538.0,-0.955684080939892,0.006797195153025237,-0.028921170813816954,-0.033297307707151225,-0.01122279566705986,-0.028921170813816954,-0.013452288850011707,-0.18682582872489195
5,10.0,0.07755616124073939,25.0,0.3155150093375805,0.00875887570608689,772.0,-1.0528037490134634,-0.002484381142462855,-0.02214256776585155,0.04320889741026557,-0.024572608948101315,-0.09259510666999538,-0.08348135213448016,-0.13041697578072264
6,10.0,0.07755616124073939,26.0,0.3155150093375805,0.008618160107040628,773.0,-1.0577909331098507,-0.024693874929531345,-0.02712975186223887,0.02531614198894183,-0.0629763783652264,-0.09075408774782101,-0.07696168009812454,-0.14410184991202846
7,10.0,0.15155136115089685,42.0,0.28116774550710666,0.01450842688038951,789.0,-0.9808292530117262,-0.03413341600129571,-0.0,0.03774067644083101,-0.0,-0.06062589338138158,-0.06280201247631201,0.009301795501938659
8,12.0,0.11075163056496523,40.0,0.35622434712236395,0.005849696769178127,1149.0,-0.19489995270243207,-0.10599332552827284,-0.08876802767269135,-0.004210298505277071,0.04752584886591679,-0.08101541645148579,-0.07320337675517873,-0.24567197592157078
9,10.0,0.06948248483830077,28.0,0.10975621675664848,0.005935624336446547,1732.0,1.0257056888268314,0.009852381080042383,0.008439039612674115,0.034191358801608174,0.01980279826298914,0.040005327635462606,0.10785377160438092,-0.019417914890291987
10,10.0,0.09915234102638149,26.0,0.17304957440332236,0.008363479561373692,1766.0,0.9606065244152444,-0.016308829275345493,-0.04672383107108291,-0.020710980039311933,0.002993831472206443,-0.03956569143961275,-0.08999654506650456,-0.056660124798912914
11,10.0,0.09081887027253055,49.0,0.304269254659439,0.006392859060760813,1884.0,0.8633514471320827,0.050686730883718,0.009934058632443121,-0.00983594475660654,0.018288224546295417,-0.008203390900680896,-0.017959763370803628,-0.03401127485655353
12,10.0,0.07247283433016616,21.0,0.1038889349361396,0.006007255917645251,1945.0,0.9194110493510543,0.041341530297097084,0.015699099683759377,0.003120317476899226,-0.0662893118403145,-0.020046834988075468,-0.003110232273736857,-0.05897372269311141
13,11.0,0.04028373309163191,23.0,0.16751390763942542,0.003351856189935962,3095.0,3.068052935133617,0.0029112102074582147,-0.057198787701915776,-0.10804586037852548,-0.16632707627054888,-0.22081526155461884,-0.31262281080774157,-0.2392915377221918
14,13.0,0.07650556401597886,36.0,0.21920136486847053,0.0024054170572288995,3349.0,3.6579368824048806,-0.06624938554120074,-0.10906035097300792,-0.09083162894653674,-0.16183376331817856,-0.19420341342188818,-0.19949793273886218,-0.17747502065142529
15,10.0,0.11622086818681021,24.0,0.1964822076633994,0.0023163077835621913,3519.0,3.9082659565504336,0.02027952895052909,0.06011502771669841,0.05017129314784308,0.1085721360962073,0.0701586340724556,0.04622132092852915,0.38190543193427207
16,10.0,0.0973548218524698,21.0,0.5183022941090107,0.006955850840644243,3577.0,3.5526658962694744,0.05332145346779438,0.00628650476282111,0.03091155206821039,0.08400458914064268,0.09674361491807248,0.002689378581971713,-0.04635722872260084
17,10.0,0.13759231191083776,45.0,0.599361778687634,0.013602141275485658,3601.0,3.509678024656225,-0.052787504602052504,-0.09700797308141906,-0.1877584633906908,-0.1729318164441156,-0.17920142945771111,-0.16820367524816993,-0.06336961393258944
18,12.0,0.1549263421008491,41.0,0.37834550739557127,0.017991309499824665,3932.0,3.3061538581455507,-0.0328134659254018,-0.02658620108509835,-0.09770663839972027,-0.13682507948314226,-0.1181088212990482,-0.1871668263083146,-0.2333551614603997
19,10.0,0.09281446319862541,24.0,0.18622263728304533,0.01335876119367122,4035.0,3.464954359395156,0.022295173286337455,0.02309496915434517,0.0272643487299713,0.05628495027329938,0.057443597986523987,0.11119803099963299,0.16893235642726534
20,11.0,0.07188727470952783,40.0,0.17609099634821312,0.005296813928329906,4560.0,3.2422016561344913,-0.0007812679094905128,0.014564352823947857,0.010212195132906832,-0.07343787040956595,-0.020882391280409696,-0.013198955185298011,-0.09995320917413197
21,11.0,0.031090567341716113,30.0,0.06453855831785615,0.002458050016038429,4770.0,3.2642315207561277,0.0034463045167312245,0.005750432495804425,0.019687964011463333,0.03738749596337554,0.035009394772743896,0.02830192932147879,0.04575578506820355
22,11.0,0.05687965295124231,37.0,0.10091919181440323,0.0060186884519187155,4815.0,3.2204745827944907,0.023435489965037526,0.029175538244870847,0.0019988471065666147,0.02384433566954236,-0.007559161714850049,-0.010329782783273789,0.008019319586383133
23,11.0,0.0327898785267875,29.0,0.11933647025915572,0.002833833612911483,4953.0,3.212857767893532,-0.03363325369400183,-0.06202026728880439,-0.0848292091941727,-0.09329609025201879,-0.12184361160830415,-0.1078523738810735,-0.07666289370039481
24,10.0,0.04267119234515615,27.0,0.07405334994805823,0.004334171621495616,5007.0,3.2954664185496676,-0.0011109309240455723,0.02665819880519482,0.01832168555749103,-0.042080922484709404,0.0018542277434847598,0.012677282251875255,-0.0011109309240455723
25,10.0,0.06519328862608109,40.0,0.15532620397763086,0.005939374749010855,5306.0,3.322154149550941,-0.0010816906415027638,-0.005396722055344583,-0.02950275982815498,-0.013971257080468646,-0.03125258161296829,-0.04479678548742383,-0.06629568762204707
26,12.0,0.048756655095624435,44.0,0.10321183767949638,0.0039564012354712805,5441.0,3.3958497804490952,-0.002343087091193574,-0.015957770259911186,-0.010998275250676315,-0.04616959573331547,-0.21668847746400077,-0.12253785505305315,-0.1700141925699552
27,10.0,0.0746527721529957,21.0,0.12302478123338689,0.0053617687053915414,5491.0,3.547891809128064,-0.022204121883396155,-0.052429634675797754,-0.03895488984942341,-0.017972163890986437,0.011872148321596665,0.048056439134854134,0.2524253905783964
28,16.0,0.08620829921689177,45.0,0.30485502525419417,0.003922320743371624,5557.0,3.352007118771887,-0.03238314457388736,-0.020790783135789415,0.009852253463263683,-0.022846264051504583,-0.002797202009399591,-0.028647340891617912,0.09930972182602726
29,10.0,0.06971866743633237,33.0,0.23604896843130652,0.004307169481431025,6123.0,3.231199553456376,0.031302667193907396,0.09527063946204217,0.08403455647033775,0.03620667530254762,-0.00787098766958394,-0.020724131363129228,0.05564883101837781
30,10.0,0.10039384547041807,48.0,0.3105604374153881,0.010517164876335573,6138.0,3.23907054112596,0.01103679661661916,-0.012853143693545288,-0.022864787818385857,-0.0201792042595188,0.0055031344350142675,0.04080567950781422,0.02903363721529839
31,10.0,0.040725089127973124,34.0,0.1527661188335756,0.0039213020962654685,6318.0,3.2343553716775335,-0.006281915111535419,-0.031404068209343716,-0.022971621945071075,-0.0011808970851099332,-0.005107104736503221,-0.02065950274997963,0.05463622392702705
32,11.0,0.056014702637716685,27.0,0.11677659698040932,0.004920128410001749,6495.0,3.23907054112596,-0.00313111500853136,-0.0007837170230651225,-0.011691451912674733,-0.012078832473179979,-0.0816396006486455,-0.10202291646649009,-0.22916229895011675
33,10.0,0.06861025676079047,25.0,0.12048945161456093,0.003723546880049169,6725.0,3.340030922092793,0.050137604304218986,0.05424440906742989,0.04604759642834555,0.04123547686607276,0.0678038899022888,0.03241189856062032,0.01212136630209848
34,12.0,0.08240086809445746,25.0,0.18170253134733594,0.005981864393682246,7294.0,3.7734503275214046,-0.014142634089807427,-0.012102045021448848,0.00575972118796475,0.02724579237952174,0.04631212824680242,0.01457846601916124,-0.11263932093571949
35,10.0,0.05766911245143147,25.0,0.12090960550914875,0.004322393732153333,7622.0,3.953164919471818,0.009255745873237853,0.044547670432474984,0.033372188891864774,0.017620745829656226,0.052405134099304806,0.013915907001539551,-0.0996629864057752
36,10.0,0.015662851669536515,21.0,0.02774529483697208,0.0015550571062181255,7815.0,4.165268957415021,-0.0035644473554983236,0.003110009867393515,-0.007116352149729721,-0.013569941805995356,-0.0202865359320219,-0.01647584635446009,-0.06549859710279815
37,12.0,0.16822920981904055,24.0,0.33177738966576964,0.015536941363076668,8583.0,5.024603947336218,-0.08297657866791663,-0.08218964795710004,-0.12219263997883978,-0.14052481102196257,-0.11007620324470935,-0.18236534297226026,-0.255192978900852
38,12.0,0.08301134351439021,30.0,0.1717280746984624,0.004698698670969183,9053.0,5.71168452069999,0.006336601256437646,0.048967151099886586,0.026099974010086235,0.024878628864124508,0.04698943475183537,0.02396367545624578,0.13354090841688837
39,10.0,0.03815919193473416,23.0,0.12742625004883656,0.0038642757485943023,9444.0,5.79502379289569,-0.012758286447382083,-0.027844579261191882,-0.022265915289312765,-0.0012163046434796598,0.03441997133657537,0.02109359627100371,-0.10946572022346857
