,flag_width,flag_height,pole_width,pole_height,slope,conf-x,conf-y,volume,return_1.0
0,12.0,0.07545657080248347,30.0,0.3831593615077691,-0.0014014501331411217,280.0,-1.0729035640430058,18.128701451662703,0.25018510559535245
1,11.0,0.155798822194271,54.0,0.6207347863371434,-0.01813084517735971,303.0,-0.9670368453620297,17.663238212686522,-0.05635202206849255
2,11.0,0.16775773977234365,28.0,0.23870757953890964,-0.015335656478257279,519.0,-0.9355729821282942,17.732640500760564,-0.03146386323373551
3,10.0,0.057412380032412225,22.0,0.09445128437581374,-0.00435579973212432,560.0,-0.909369738200602,17.600826829714997,0.08269116501613405
4,11.0,0.0520204989041233,28.0,0.16496265097400542,-0.002618018690552977,722.0,-0.9901310485136648,18.24986395281592,0.1311913160648328
5,12.0,0.11157067558834644,31.0,0.38084392519722243,-0.0046669802278659,925.0,-0.5753641449035618,18.694851954376198,0.0786172451002492
6,10.0,0.05514106974848562,44.0,0.30209233088681864,-0.005625076956770177,1025.0,-0.25578813561608826,18.12037533133901,0.1062562555175976
7,11.0,0.09732819783303512,64.0,0.3644821662888876,-0.007409546632680947,1046.0,-0.21192171550055963,17.31998628907993,0.1057897904708189
8,14.0,0.06940908269224488,39.0,0.32834217969881124,-0.00016260322024783892,1396.0,0.5860490450035782,17.754463670922984,0.03698839888006267
9,10.0,0.06652083341867043,46.0,0.23309384250964083,-0.006307085870100679,1445.0,0.6853040030989194,16.524200554353822,0.06846779927746083
10,10.0,0.0967370006916598,33.0,0.3304069010816967,-0.007671483222496889,1487.0,0.9531047049968714,18.3937616546011,0.009990214417337828
11,10.0,0.044912341008915835,22.0,0.10311056732774615,-0.005911316626583565,1623.0,0.7969439742415889,17.231320651994274,0.008764191474985195
12,18.0,0.06883946272626762,39.0,0.19876502551907071,-0.002580786920922785,2170.0,1.249409068048495,17.83536143262839,0.09703938452419592
13,10.0,0.055666538339049776,23.0,0.2122053881890129,-0.006934635682012573,2294.0,1.4705350855860384,17.580165165141768,0.11037474323352381
14,13.0,0.20271151249700403,68.0,0.4482240744033241,-0.015225061108673792,2375.0,1.7396435518135316,18.547630525211332,0.08603909342152183
15,11.0,0.08437971631969243,32.0,0.2552038751851362,-0.006849687604919745,2527.0,1.796954286105159,18.12754382081762,0.06275584503140363
16,11.0,0.03310493226553257,22.0,0.16276604228768932,-0.0005274422165774448,2583.0,2.000212305132261,17.336681167652102,0.03938332800037525
17,11.0,0.046991712407780106,28.0,0.1336600950534539,-0.0018157198609418494,2690.0,2.141902711303572,17.91859019145851,0.09364083231498954
18,13.0,0.08206495305430428,72.0,0.4425063797885138,-0.00439693227001789,2769.0,2.5269778637086873,18.043791430820534,-0.005006268278143988
19,11.0,0.050643732818755005,26.0,0.2987166671754897,-0.0035927158308571437,2826.0,2.6838001988787505,17.54987949689858,0.060059454920170285
20,10.0,0.11936456374184257,31.0,0.21692085390808735,-0.013263641021193142,3071.0,3.0724039209679432,17.689017242096934,-0.007262196041784463
21,18.0,0.13118725755738714,37.0,0.3438123046803767,-0.009597441281852534,3139.0,3.268261050048944,17.80004025417917,-0.029889017375240634
22,16.0,0.18289314869291218,77.0,0.6518681476405095,-0.008322957502356966,3272.0,3.6599493604437328,18.37051102863969,0.07249831385848404
23,13.0,0.1587696256835529,31.0,0.26447313568533515,-0.015125275444406104,3313.0,3.7487685113514173,17.824594936235492,-0.06145277921366388
24,12.0,0.1590863685029178,36.0,0.2655118906104845,-0.012710633904002178,3384.0,3.746558565700614,17.823774219260503,-0.011123585218662413
25,10.0,0.08625457299484074,26.0,0.17682738849828805,-0.009338435776642,3427.0,3.834736911468072,17.21664127073744,-0.051968741897188586
26,10.0,0.07969299618194992,25.0,0.3382576700630038,-0.007430036824813767,3495.0,4.027581346062418,17.62136383151856,-0.08782158566267251
27,10.0,0.14645093052595515,32.0,0.4438745562230353,-0.015528626902263825,3777.0,3.3175892978042336,18.42881159878029,0.0710293016510617
28,10.0,0.05666876572825208,33.0,0.364226846611182,-0.005160525890925091,3839.0,3.5597668209276674,18.239825311872135,0.028739667474412034
29,11.0,0.07808099571165839,37.0,0.31182995534788027,-0.005314272905937178,3968.0,3.4787754598283587,17.805131438743626,0.039315709506455576
30,10.0,0.14793918364743508,20.0,0.21738330420597096,-0.013712161155096337,4161.0,3.174296775088473,18.062839405754534,-0.0075567239313052426
31,11.0,0.08415845638652941,40.0,0.2861376243653777,-0.009239979589768148,4228.0,3.3079849971483943,18.052311978735375,-0.03140643910672569
32,10.0,0.0748271348379701,24.0,0.1596172416395003,-0.0055513150707976015,4432.0,3.37005065004173,17.863863536335383,-0.005171520504921201
33,10.0,0.06602110856557042,43.0,0.13750749931521167,-0.006842537662738626,4519.0,3.2921262724267626,17.688969434640416,-0.0007437879932949976
34,11.0,0.06604050239820225,22.0,0.1313551622413236,-0.0057600427275384366,4582.0,3.2554006113197893,17.984056183245098,0.006534717624556485
35,11.0,0.040996639100864485,31.0,0.11420920334575069,-0.0022158204425801347,4629.0,3.3304172268976893,17.915746067765262,0.004284152604146829
36,10.0,0.027217809548450766,27.0,0.06948617168977655,-0.0027154260160585906,4857.0,3.231199553456376,17.709453092333554,-0.010325756382167484
37,11.0,0.03641714947957864,54.0,0.16259756422155913,-0.0028441422555910197,5234.0,3.380994661369475,18.505526360708807,0.01986932375950401
38,10.0,0.0490794933557015,54.0,0.15211700755805557,-0.004577244955704155,5360.0,3.4141135868447408,17.98117683337075,-0.017258926520526074
39,10.0,0.10458130768074847,30.0,0.2654451325596252,-0.011008032213414764,5469.0,3.5192766200101366,17.97461392955871,-0.00475059845404191
40,10.0,0.10458130768074847,31.0,0.2654451325596252,-0.010794410690683558,5470.0,3.5290040906258424,18.079791968766898,-0.03492377043832029
41,10.0,0.05141508558192909,31.0,0.11465575951646834,-0.004882059186871494,5946.0,3.2453229978551543,17.91850592715604,0.03521221313831813
42,11.0,0.03000397994097659,32.0,0.2004862488698107,-0.0004147155385679834,5986.0,3.400530477405483,17.889834369102932,0.01785174400958267
43,10.0,0.04296136455812949,21.0,0.07163596858633037,-0.0033601510358774313,6012.0,3.412796530074526,17.76412582519201,-0.03999862816684985
44,11.0,0.07612585394546167,22.0,0.1347800566162789,-0.007695737283840089,6161.0,3.207207982949634,17.78415205372212,-0.033329539973245836
45,13.0,0.028151022736453868,30.0,0.1374052049733776,-0.0007965066414626347,6273.0,3.3596807253176477,18.128037049653628,-0.055361435442984774
46,25.0,0.07915516840620151,75.0,0.30147537953091064,-0.002435894454413337,6584.0,3.4787754598283587,18.479374090291582,-0.10941282006397879
47,10.0,0.020929455634350003,26.0,0.07630108176145489,-0.001014311251911665,6677.0,3.428163819990095,17.41528826997881,0.012574706958169646
48,10.0,0.06434779233940757,49.0,0.09394391760830922,-0.005763378139435721,6700.0,3.4021969048605567,17.59136784683864,-0.017806641514782395
49,13.0,0.06965384424817689,71.0,0.26486239432249903,-0.0037608841667339504,6880.0,3.5366019742468464,17.700489137455758,0.054388991668964604
50,10.0,0.06416189641583658,28.0,0.14393079534239206,-0.009212046134158993,7002.0,3.599501693018888,17.961689851303934,0.008980819888966263
51,10.0,0.013822952310618586,37.0,0.07850539319615013,-0.0004226612865825717,7143.0,3.7409973938921426,16.901133808477383,0.042510217062757594
52,10.0,0.037740374295703205,31.0,0.10601539552489525,-0.003854992913915902,7201.0,3.8305960100430676,17.295309609503562,-0.05485099842633856
53,10.0,0.04409448033747143,20.0,0.14905714945338389,-0.005025358089900885,7240.0,3.86723485136194,16.885162214461587,-0.018151629457626495
54,10.0,0.07833791646411115,34.0,0.13341436320417577,-0.006491655530376554,7254.0,3.8611506846874635,17.50702653339934,-0.025360945736898177
55,11.0,0.04470371935329753,29.0,0.18998632653043002,-0.002879981563459975,7365.0,3.855029274215803,17.17718024602614,-0.030090335741581153
56,10.0,0.05657940303682274,53.0,0.1480690427213407,-0.005603745640903416,7388.0,3.7932395038048203,16.895216265294444,0.04879010689169583
57,10.0,0.038609065017511934,52.0,0.3053165585084363,-0.0020015070966374754,7487.0,3.9924963642358744,17.430409724080214,0.029456725171007392
58,11.0,0.09082863491163007,87.0,0.3345642000197806,-0.008420720735667353,7523.0,3.972365245926523,17.774071669772766,0.029681245415024815
59,12.0,0.02587585725672792,31.0,0.14344652617985787,-0.0011083907683870882,7994.0,4.429268013744406,16.72050816805576,0.017492417618141687
60,10.0,0.11121324994449377,39.0,0.15854582753581958,-0.006229002591324395,8048.0,4.508769384816963,17.36974085212734,0.022215886547945374
61,10.0,0.023295897710615243,51.0,0.1617902616893936,-0.0017507253147242864,8135.0,4.623697517563612,17.08053687565677,-0.02093019477813396
62,10.0,0.03422541133630119,30.0,0.11721328040799772,-0.0038486661090383284,8180.0,4.6780488087025764,16.71515585008166,0.006024966420326905
63,11.0,0.05711343297170579,60.0,0.23954849388952315,-0.003365023015279091,8361.0,4.836440597875807,17.023232407890305,-0.018743010569232332
64,17.0,0.06267391160457869,80.0,0.45908921287437465,-0.0014823417768300008,8668.0,5.3777752568775465,18.184743197401215,0.02106591983780337
65,10.0,0.06753905734002874,26.0,0.14345259061572335,-0.007990008184836483,8812.0,5.467806954830514,17.047263120646154,-0.009030288743026027
66,13.0,0.09176644611643514,37.0,0.144470134653222,-0.004621583263026968,8865.0,5.514033377437376,16.989435040947217,-0.009881371373412051
67,11.0,0.06036774003917866,36.0,0.19642766239070575,-0.005215404120531986,9008.0,5.813891737428594,17.250203964642843,-0.0051487905001588175
68,10.0,0.0880908749878575,27.0,0.2023541271687641,-0.009698925340701794,9316.0,5.506428512376971,17.132068293313285,0.07496032326274626
69,13.0,0.057085767012982735,26.0,0.1689545086886559,-0.001356692942293396,9355.0,5.688228791198262,17.98371258477522,0.046600024250901484
70,10.0,0.057648588173723425,36.0,0.2341925582985489,-0.004246344334830062,9400.0,5.830532618084768,17.10480011109086,0.015125537300268554
71,13.0,0.09576644736155338,57.0,0.2663890791446706,-0.00844142620792678,9424.0,5.792342647911528,16.982153699989297,-0.002382477014274187
72,10.0,0.03699696574567213,26.0,0.15830089619781695,-0.00279636472781616,9514.0,5.925271337415579,17.027897374684343,-0.000828372159166868
73,11.0,0.044663617995470695,24.0,0.13415998990054945,-0.002674906925643236,9565.0,6.009991878683503,16.512553736778187,0.018527591079213757
