,flag_width,flag_height,pole_width,pole_height,conf-x,conf-y,return_1.0
0,12.0,0.0625,25.0,0.28125,1080.0,1.078125,-0.046875
1,11.0,0.043402910232543945,35.0,0.28645795583724976,1208.0,1.048611044883728,-0.027778029441833496
2,11.0,0.0625,24.0,0.25520801544189453,1424.0,1.890625,0.21354198455810547
3,10.0,0.203125,39.0,0.5625,1704.0,2.917968988418579,-0.0898439884185791
4,10.0,0.1484379768371582,28.0,0.6640629768371582,2151.0,3.601562976837158,-0.0390629768371582
5,10.0,0.390625,33.0,1.2265620231628418,2337.0,5.304687976837158,0.390625
6,12.0,0.484375,45.0,2.40625,2741.0,10.671875,1.96875
7,11.0,1.5849990844726562,27.0,6.644998550415039,4215.0,28.920000076293945,-2.155000686645508
8,10.0,1.0700016021728516,20.0,1.5799999237060547,4705.0,28.469999313354492,-1.2999992370605469
9,10.0,1.039999008178711,24.0,1.5,5060.0,27.559999465942383,-0.3400001525878906
10,10.0,0.8600006103515625,32.0,9.869998931884766,7678.0,58.16999816894531,-1.9599990844726562
11,11.0,2.1800003051757812,27.0,4.029998779296875,7957.0,74.69000244140625,3.220001220703125
12,11.0,3.4500045776367188,33.0,17.44000244140625,8334.0,119.88999938964844,5.5500030517578125
13,15.0,6.9900054931640625,39.0,51.32000732421875,8625.0,184.91000366210938,17.0
