,flag_width,flag_height,pole_width,pole_height,conf-x,conf-y,return
0,12.0,0.06062462181643484,25.0,0.3074846997479606,1080.0,0.07522342123758753,-0.044451762570833844
1,11.0,0.04241530828039013,35.0,0.32032372871841197,1208.0,0.04746647408168222,-0.026847498282853443
2,11.0,0.03306086226088811,24.0,0.14247545751190993,1424.0,0.6369074622370692,0.1070121947734074
3,10.0,0.0708743395866569,39.0,0.21007146974685698,1704.0,1.070887822360288,-0.0312738744541341
4,10.0,0.041536155950169684,28.0,0.2009087797585798,2151.0,1.2813679114743246,-0.010905365879555706
5,10.0,0.07260081286315057,33.0,0.24831761283392884,2337.0,1.6685909535288486,0.07105259828468302
6,12.0,0.046380788346119584,45.0,0.2550809110763832,2741.0,2.367611776211118,0.1693040574877016
7,11.0,0.057189325048228934,27.0,0.2653143701415206,4215.0,3.3645333999286673,-0.07743835888741657
8,10.0,0.03799504078749827,20.0,0.056625655331452585,4705.0,3.3488508771717336,-0.04673745092545545
9,10.0,0.03800234459284102,24.0,0.05528305236805897,5060.0,3.31636542676746,-0.012413454769911958
10,10.0,0.014861179438308447,32.0,0.18548261755349005,7678.0,4.063369726445023,-0.034275065718663456
11,11.0,0.02932288417718354,27.0,0.054899703843545034,7957.0,4.313346247056165,0.04220811429095672
12,11.0,0.029117248425556852,33.0,0.15673263807769722,8334.0,4.786574650628633,0.045252925436206404
13,15.0,0.03815030787073148,39.0,0.3213362579356902,8625.0,5.219869240023715,0.08795283167590284
